0 0.22262063069908816
1 0
2 0.22605613425925927
3 0.18189284975165562
4 0.2887339848883049
5 0.23425006663113007
6 0.28760021269633507
7 0
8 0.261657115212861
9 0.21642606500861858
10 0.3172946750902527
11 0
12 0
13 0.25744178383128297
14 0.1986228813559322
15 0.2763856132075472
16 0.2654503926306252
17 0.2716866306027821
18 0
19 0.1900337837837838
20 0.3599124692874693
21 0.24564176914477362
22 0.18760005336179297
23 0.25018680614859096
24 0.24820848630330417
25 0.27760778584965257
26 0.2675513698630137
27 0
28 0.23850915875169607
29 0.22381111535523301
30 0.25190778159931215
31 0.3098012865703208
32 0.2686143795843521
33 0.33141261312217196
34 0.2866621819960861
35 0.2768208661417323
36 0.26228178155774395
37 0.27346180771624146
38 0.2890188260440644
39 0.21923328760289346
40 0.29632712407282535
41 0.26730725364963503
42 0
43 0.23961457197382768
44 0.2627522421524664
45 0.21896020179372194
46 0.27752012946005683
47 0.2815202594490711
48 0.2324533853477916
49 0.29209247258225324
50 0
51 0.2396799154622307
52 0
53 0.25140338958810066
54 0.2839761712439418
55 0.2765595500314663
56 0
57 0.2891138980263158
58 0
59 0.2519800028669725
60 0.2471614876265467
61 0.25646520280128393
62 0.24279178176795582
63 0.28600919297103805
64 0.26657757051865333
65 0.2897811572700297
66 0.25431315104166663
67 0.2113263404664583
68 0.30171858908341914
69 0.1286078797190518
70 0.2625168010752688
71 0.2716866306027821
72 0.2972290328035171
73 0.25706529687042995
74 0
75 0.23431251666222339
76 0.15378937007874016
77 0.22816880841121495
78 0.2292400234741784
79 0.26306682131098474
80 0.2625168010752688
81 0.19462051594331267
82 0.21415844298245615
83 0.2919954318936877
84 0
85 0.0006944444444444445
86 0.2608030415430267
87 0.290932224428997
88 0.2906436011904762
89 0.23356530693595537
90 0.23645581113801453
91 0.29035555004955405
92 0.0006944444444444445
93 0.2248992451381781
94 0.2519800028669725
95 0.2878828201768752
96 0.23696582636829333
97 0.25804646212566057
98 0.22060899849397592
99 0.26134589652096346
100 0.26787755257543433
101 0.26585186025408347
102 0.0006944444444444445
103 0.21562960009813542
104 0.27725749211356465
105 0.2876943535188216
106 0.20516018907563027
107 0.1757109656137545
108 0.2931641927951968
109 0.2505434007981756
110 0.2944409547738694
111 0.25140338958810066
112 0.2881659836065574
113 0.2764725542623467
114 0.24516213389121339
115 0.24841895138496325
116 0.3133355614973262
117 0.2763856132075472
118 0.25140338958810066
119 0.1809566090179123
120 0
121 0
122 0.28388444767441856
123 0.2899723688551633
124 0.17609822680825488
125 0.2897811572700297
126 0.2615014132698602
127 0.2875061334641805
128 0.19764026309871827
129 0.3285630841121495
130 0.2913179482930063
131 0.25140338958810066
132 0.2452305385044643
133 0.1435417687408133
134 0.22787302307492868
135 0.2794614467408585
136 0
137 0.2926760739260739
138 0.24827860169491525
139 0.22211429112964365
140 0.28694294809010773
141 0.26041666666666663
142 0.2848043583927414
143 0.2608030415430267
144 0.24940585981838823
145 0.25631561679790027
146 0.0006944444444444445
147 0.2519800028669725
148 0.21912397157816005
149 0.27831103546548447
150 0
151 0.2773449826443673
152 0.20981290284077347
153 0.29543067226890757
154 0
155 0.31344730741797433
156 0.30296664943123064
157 0.2878828201768752
158 0.23239192226335273
159 0.25140338958810066
160 0
161 0
162 0.24092824835526316
163 0.19609688755020083
164 0.2703495078437404
165 0.24299315731269008
166 0.30296664943123064
167 0.2836096321393998
168 0.3049640006939625
169 0.2716866306027821
170 0.2121424692251991
171 0.0006944444444444445
172 0
173 0.0006944444444444445
174 0.25025804384965833
175 0
176 0.2554217523975588
177 0.2458479020979021
178 0
179 0.26529014488379116
180 0.20602584388185655
181 0.2867557096247961
182 0.25018680614859096
183 0.2716866306027821
184 0
185 0
186 0.1450579716124773
187 0.003472222222222222
188 0.16614484877126653
189 0.244140625
190 0.30202963917525777
191 0.2519800028669725
192 0.252124569707401
193 0.3120007987220447
194 0.2231859446419502
195 0.21594748157248156
196 0.22392515923566877
197 0.25372582274826794
198 0.25018680614859096
199 0.25025804384965833
200 0.29612744272237196
201 0.26690138171879746
202 0.0006944444444444445
203 0
204 0.2786639980976538
205 0
206 0.30752493002099374
207 0
208 0.28600919297103805
209 0.24743982263513514
210 0.25903514588859416
211 0.21738962404155332
212 0.0006944444444444445
213 0.25025804384965833
214 0.30286225017229496
215 0
216 0
217 0
218 0.21621309963099633
219 0.25025804384965833
220 0.29463836741535365
221 0
222 0.2944409547738694
223 0
224 0
225 0.27963927776010183
226 0.23844445198046663
227 0.2417233910891089
228 0
229 0.3168371485219899
230 0.2697686464088398
231 0.22267703318976437
232 0
233 0.2381859756097561
234 0
235 0.2989477040816326
236 0.23981070941336968
237 0.30223736244841815
238 0
239 0
240 0.0006944444444444445
241 0.26985147374884866
242 0.27269818492088116
243 0.2716866306027821
244 0.2890188260440644
245 0.2768208661417323
246 0.21452434708323165
247 0.21879667662434654
248 0.26529014488379116
249 0.2908359530112508
250 0.26722598054119795
251 0
252 0
253 0.2891138980263158
254 0.258273949456362
255 0.21097125540086412
256 0.2380569474539545
257 0.2522693025258324
258 0.359617941898527
259 0.2302610034058161
260 0.31012923429781225
261 0.2763856132075472
262 0.2887339848883049
263 0.20539991820518813
264 0.003472222222222222
265 0
266 0.31971853401236816
267 0.2452305385044643
268 0.1850718572331017
269 0.29543067226890757
270 0.16204023783185842
271 0.28722426470588236
272 0.28722426470588236
273 0
274 0.21081944111297674
275 0.28170072115384615
276 0.3153592572658773
277 0.2084692243833017
278 0.21771271984146645
279 0.19048683355006502
280 0
281 0.2763856132075472
282 0.2763856132075472
283 0
284 0.2298996207167146
285 0.2998656601842375
286 0.21809088089330025
287 0
288 0
289 0
290 0
291 0.2867557096247961
292 0.2799956196240841
293 0.23696582636829333
294 0.0006944444444444445
295 0.27431530898876405
296 0.23626512096774194
297 0.23506452259962557
298 0.268532309807516
299 0.24033531583264972
300 0.31311230851442823
301 0.2945396280160858
302 0.2877885559921414
303 0.254829298347347
304 0.26425323211064344
305 0.2935558617234469
306 0.2519800028669725
307 0.3280725083986562
308 0.3128893734425062
309 0
310 0.2686143795843521
311 0.30752493002099374
312 0.26910785364360074
313 0.2606483540925267
314 0
315 0.21209127654440155
316 0.26968586989874194
317 0.2519800028669725
318 0
319 0.26236007462686567
320 0.0006944444444444445
321 0
322 0.2885444024950755
323 0.20520809012374505
324 0.23702973300970873
325 0.19920812556663645
326 0
327 0
328 0.30860472261235955
329 0.2171211091897233
330 0.2380569474539545
331 0.16834059567132734
332 0.2185246767777225
333 0
334 0.2908359530112508
335 0.2885444024950755
336 0
337 0.22211429112964365
338 0.20981290284077347
339 0.30991052538787023
340 0.25025804384965833
341 0.2866621819960861
342 0.28287938525909234
343 0.261657115212861
344 0.2325764091029373
345 0.2764725542623467
346 0.29632712407282535
347 0.31233342217484006
348 0
349 0.2879771461336828
350 0.2716866306027821
351 0.273037045666356
352 0
353 0.31311230851442823
354 0.2113263404664583
355 0.2452305385044643
356 0.2866621819960861
357 0.23456265012009608
358 0.22312928408225438
359 0.2320850937417481
360 0.257970722042853
361 0.21041566914053147
362 0.26157924107142855
363 0.20516018907563027
364 0.23696582636829333
365 0.2908359530112508
366 0.3258829254727475
367 0.2152072110675808
368 0.28863916256157635
369 0.22628894181256437
370 0.2868492983028721
371 0.24709200168681472
372 0.23135200052645435
373 0.3039094917012448
374 0
375 0.2744866489693941
376 0.2817910387944854
377 0.3151331122266045
378 0.26314558383233533
379 0.28694294809010773
380 0.21031496769562097
381 0
382 0.31344730741797433
383 0.2373497839589522
384 0.2893042297564187
385 0.20981290284077347
386 0.0006944444444444445
387 0
388 0
389 0
390 0.23844445198046663
391 0.26585186025408347
392 0
393 0.2763856132075472
394 0.2763856132075472
395 0
396 0.2764725542623467
397 0.2888288695366415
398 0.25512518142235124
399 0
400 0.2569901315789474
401 0
402 0.28703665904637493
403 0.2845277597928132
404 0
405 0.22757800362506472
406 0
407 0.2479983775395034
408 0.28892381656804733
409 0
410 0.2837927833387149
411 0.27717005676442763
412 0
413 0.2382505421523448
414 0
415 0.3249191312384473
416 0.21814501116902457
417 0.23226909355179703
418 0.30752493002099374
419 0.2981364484396201
420 0
421 0.1922787683220302
422 0.2046347497089639
423 0.21405412810521188
424 0.24239003033645892
425 0.2732917444029851
426 0
427 0.2911249585955615
428 0
429 0
430 0.23709367413002427
431 0.28892381656804733
432 0.2877885559921414
433 0.31056757950530034
434 0.29543067226890757
435 0.223526513224822
436 0.293653942532576
437 0.24688377808988765
438 0.2452305385044643
439 0.20093878600823045
440 0.30752493002099374
441 0.261891016090584
442 0.17773634984833164
443 0
444 0.25025804384965833
445 0.2519800028669725
446 0
447 0.2908359530112508
448 0.2319625890736342
449 0.26283081638755984
450 0.2438020110957004
451 0.24898194050991504
452 0.2792838417540515
453 0.24059848070079387
454 0.31311230851442823
455 0.261657115212861
456 0.2944409547738694
457 0
458 0.24737018012946804
459 0.23709367413002427
460 0.2461232847941753
461 0
462 0
463 0.2519800028669725
464 0.25321413137424376
465 0.25416606419895893
466 0
467 0.29035555004955405
468 0.23696582636829333
469 0.2716866306027821
470 0
471 0.18760005336179297
472 0
473 0.2881659836065574
474 0.30688067388268153
475 0.22605613425925927
476 0.22478420716112532
477 0
478 0
479 0.2274602096273292
480 0.22605613425925927
481 0.20359190410006947
482 0
483 0.2867557096247961
484 0.291028559602649
485 0.2519800028669725
486 0.28161046139057994
487 0
488 0.2908359530112508
489 0
490 0.20866720085470086
491 0.24448018080667594
492 0.25880631625441697
493 0.2503293221304471
494 0.3069878623821166
495 0
496 0
497 0
498 0.29122142147117297
499 0
500 0.23381384676775738
501 0.25631561679790027
502 0.2614236317668055
503 0
504 0.24046682626538987
505 0
506 0.30234133126934987
507 0.30991052538787023
508 0.3103482521186441
509 0
510 0
511 0.2890188260440644
512 0.0006944444444444445
513 0.16715600038037276
514 0.2587301295260524
515 0.0006944444444444445
516 0
517 0
518 0.290932224428997
519 0
520 0.3088215917076599
521 0.27901785714285715
522 0.2962272497472194
523 0.189623786407767
524 0.31012923429781225
525 0
526 0
527 0.3096921247357294
528 0
529 0.29122142147117297
530 0.2510443444730077
531 0
532 0.25025804384965833
533 0
534 0.2875061334641805
535 0
536 0
537 0
538 0.25926438053097345
539 0.22375413696537677
540 0
541 0.2878828201768752
542 0.30475251386962554
543 0
544 0.23696582636829333
545 0.25336011818968
546 0.24771878523111612
547 0
548 0.25025804384965833
549 0
550 0.2947371730382293
551 0
552 0.18672323135755256
553 0.32967226181545384
554 0.1850718572331017
555 0.2944409547738694
556 0.29543067226890757
557 0.2374138978930308
558 0.23362739234449761
559 0.25025804384965833
560 0.30752493002099374
561 0.2569901315789474
562 0.27804689971528
563 0.21696031843989136
564 0.21890566625155666
565 0
566 0.2519800028669725
567 0.2901638329481677
568 0
569 0.23092649763531264
570 0.2823341631866367
571 0.25047200056996294
572 0
573 0
574 0.2509010134170711
575 0.17609822680825488
576 0.2682864010989011
577 0.33739203454894434
578 0
579 0
580 0.25025804384965833
581 0
582 0
583 0.2716866306027821
584 0.28694294809010773
585 0
586 0.2686143795843521
587 0.2543867583212735
588 0.2921895777925532
589 0
590 0.2718547015156202
591 0.2479284203102962
592 0.3190222323049002
593 0
594 0.2082716232227488
595 0.25512518142235124
596 0.28017413133567104
597 0.2866621819960861
598 0.21738962404155332
599 0.003472222222222222
600 0.22211429112964365
601 0.2305630246589717
602 0.2724445908245505
603 0.2271662574308607
604 0
605 0.2519800028669725
606 0.22605613425925927
607 0
608 0
609 0.001388888888888889
610 0.30752493002099374
611 0.15389708457362986
612 0.3067735602094241
613 0.2767337059193955
614 0
615 0.2949349832214765
616 0.252124569707401
617 0.2867557096247961
618 0.20080106237148734
619 0.2190147645153252
620 0.18106844870210137
621 0.24877052080384943
622 0
623 0.26196907600596125
624 0.23696582636829333
625 0.27143491352686844
626 0.2617350357355569
627 0.2615014132698602
628 0.2379924857839155
629 0
630 0.2620471824686941
631 0.30893014059753954
632 0.25911151238207547
633 0.2572157594381036
634 0.3128893734425062
635 0.23032134433962265
636 0
637 0.29682750759878423
638 0.2976316457839485
639 0.21056690225203642
640 0.23696582636829333
641 0.2763856132075472
642 0
643 0
644 0.2864753096479791
645 0.26457141782059
646 0.30752493002099374
647 0.25011560899260105
648 0.23987615993449782
649 0.2823341631866367
650 0.2952321968424589
651 0
652 0.25004445234708395
653 0.31456916607015034
654 0.22669751096208407
655 0
656 0.29463836741535365
657 0.22757800362506472
658 0.0006944444444444445
659 0.2998656601842375
660 0.24178988995873452
661 0
662 0.1583900252297711
663 0.2452305385044643
664 0.2881659836065574
665 0.23276118908898305
666 0.22149855090725806
667 0
668 0.2716866306027821
669 0.2763856132075472
670 0.2692727481617647
671 0.2643327067669173
672 0.2193427127526828
673 0
674 0.291028559602649
675 0.25880631625441697
676 0
677 0.28388444767441856
678 0.25781937518333825
679 0.26267371488344293
680 0.29414533132530124
681 0.2396799154622307
682 0.31569908405172414
683 0.31111725663716816
684 0.24427633407448582
685 0
686 0.3060258530640669
687 0
688 0.27787108757508694
689 0.26553058912386707
690 0.2899723688551633
691 0.26730725364963503
692 0.27717005676442763
693 0.21457672119140625
694 0.21541819852941177
695 0.3014081790123457
696 0.2682864010989011
697 0.2866621819960861
698 0
699 0.20349762676545496
700 0
701 0.2973295838971583
702 0.1435417687408133
703 0.31311230851442823
704 0.2726136011166253
705 0
706 0.2120401085645356
707 0.29582842477280374
708 0
709 0
710 0.2143673780487805
711 0.151692483603728
712 0.2668203551912568
713 0
714 0.2483487567109353
715 0.26088045414069455
716 0.2972290328035171
717 0
718 0.24509376742889014
719 0.17109329375121668
720 0.24509376742889014
721 0.24106040866703235
722 0
723 0.1286078797190518
724 0.26585186025408347
725 0
726 0.2944409547738694
727 0.22605613425925927
728 0.25025804384965833
729 0.2575926875732708
730 0.25336011818968
731 0.19114968464549806
732 0.22617247812660832
733 0.2569901315789474
734 0.28188141436818476
735 0.30752493002099374
736 0
737 0.2783991922711435
738 0.23251488095238096
739 0.29562941473259335
740 0.18550153018151117
741 0.2513314984272233
742 0.2572910567915691
743 0
744 0
745 0.27252906976744184
746 0.2773449826443673
747 0.26361915116976603
748 0.25018680614859096
749 0.27177064007421153
750 0.23928838823849713
751 0.2710164199814986
752 0
753 0.3249191312384473
754 0.3100198412698413
755 0.1780965045592705
756 0.23171796730819932
757 0.0006944444444444445
758 0.1720309747504404
759 0.21923328760289346
760 0
761 0.28920903257650543
762 0.3107872171145686
763 0.23696582636829333
764 0.26993435196560195
765 0.2933598965287049
766 0.20866720085470086
767 0.25512518142235124
768 0.21415844298245615
769 0.2471614876265467
770 0.25957065859421147
771 0.26657757051865333
772 0.25343317474048443
773 0.29612744272237196
774 0.23062352400944633
775 0.18193050093148416
776 0.21056690225203642
777 0.31012923429781225
778 0.2799956196240841
779 0.2620471824686941
780 0
781 0
782 0
783 0.1985780049706281
784 0.2146291208791209
785 0.2716866306027821
786 0.24112654320987653
787 0.21765880386329867
788 0.2823341631866367
789 0.26722598054119795
790 0.2587301295260524
791 0.26521009354254677
792 0
793 0.2897811572700297
794 0
795 0.0006944444444444445
796 0.21631952990401182
797 0.2615014132698602
798 0.3013048508741858
799 0.2918015438247012
800 0.25190778159931215
801 0.27822293447293445
802 0
803 0.2908359530112508
804 0.26641595938163076
805 0.2944409547738694
806 0.25631561679790027
807 0.2295993338557994
808 0.284159796314258
809 0.003472222222222222
810 0
811 0
812 0
813 0.24598551637279595
814 0.23481331819396206
815 0
816 0.0006944444444444445
817 0
818 0.29904942157196324
819 0.19342126980633803
820 0
821 0.2092135800999762
822 0.303384967207456
823 0.2972290328035171
824 0.2944409547738694
825 0
826 0.2437344009983361
827 0.0006944444444444445
828 0.23141291469194314
829 0.252124569707401
830 0.2756920483061481
831 0.27717005676442763
832 0.2705992149014778
833 0.19804106579540334
834 0
835 0.298237614523244
836 0
837 0
838 0.2908359530112508
839 0.2707659426987061
840 0
841 0.21594748157248156
842 0.25549600290697677
843 0.2185246767777225
844 0.21117401489668428
845 0.22211429112964365
846 0.2627522421524664
847 0.2319625890736342
848 0.25025804384965833
849 0
850 0.28098025895140666
851 0
852 0
853 0.290932224428997
854 0.21696031843989136
855 0.32431964944649444
856 0
857 0.25140338958810066
858 0.2519800028669725
859 0.23135200052645435
860 0.21087002159309023
861 0.2777832648546144
862 0.17588678206924155
863 0.2908359530112508
864 0.26196907600596125
865 0.24598551637279595
866 0.26585186025408347
867 0.23062352400944633
868 0.2409943103921031
869 0.1810311534500515
870 0
871 0.2770826765447667
872 0.28656871535702644
873 0.26026243707432634
874 0.2867557096247961
875 0.22455448390393457
876 0
877 0.21405412810521188
878 0.29463836741535365
879 0.2944409547738694
880 0
881 0.24912308673469388
882 0.2686143795843521
883 0.29170469631596413
884 0.24884095413363533
885 0.2763856132075472
886 0.2178746281606346
887 0.1865250955008489
888 0.2877885559921414
889 0.2728675100900341
890 0.30182220123626374
891 0.33191323640483383
892 0.21489150366748166
893 0
894 0.23263796982530438
895 0.2908359530112508
896 0.2976316457839485
897 0.3176386881098663
898 0.29632712407282535
899 0
900 0.2686143795843521
901 0.22751909137975665
902 0.17109329375121668
903 0.2894948122529645
904 0.25911151238207547
905 0.23282284768211922
906 0.280621408045977
907 0.2615014132698602
908 0.2887339848883049
909 0.2686964995414246
910 0.2893042297564187
911 0
912 0.29543067226890757
913 0.25025804384965833
914 0
915 0.2152072110675808
916 0
917 0.3053878561501043
918 0.2716866306027821
919 0.21457672119140625
920 0
921 0.31786844484629295
922 0
923 0.1435417687408133
924 0
925 0.26877866972477066
926 0
927 0.28703665904637493
928 0.2885444024950755
929 0.28324403802771514
930 0.2967272957461175
931 0
932 0.2839761712439418
933 0.19278487606931344
934 0.3242000184433788
935 0.2373497839589522
936 0.26228178155774395
937 0
938 0.20520809012374505
939 0
940 0.2976316457839485
941 0
942 0.20511231038506417
943 0.25270449971247844
944 0
945 0.312778024911032
946 0.26010839005622965
947 0.31445661896243293
948 0.2878828201768752
949 0.2608030415430267
950 0.2320850937417481
951 0.2519800028669725
952 0.27813488924050633
953 0
954 0
955 0.31012923429781225
956 0.29394857859531776
957 0.1435417687408133
958 0.29209247258225324
959 0.28760021269633507
960 0.24639928511354078
961 0.0006944444444444445
962 0
963 0.25018680614859096
964 0.0006944444444444445
965 0.001388888888888889
966 0
967 0.2518356017191977
968 0
969 0.0006944444444444445
970 0.28892381656804733
971 0.0006944444444444445
972 0.2763856132075472
973 0.2477886241894559
974 0.2716866306027821
975 0.30202963917525777
976 0.24639928511354078
977 0.25018680614859096
978 0.3093651003167898
979 0.2763856132075472
980 0
981 0.3124444543192322
982 0.32147265910753475
983 0.2763856132075472
984 0.2933598965287049
985 0.280621408045977
986 0.32479905764966743
987 0.2770826765447667
988 0.18429571188928495
989 0.29854152513586957
990 0.2607256748739246
991 0.23696582636829333
992 0
993 0.25025804384965833
994 0.31311230851442823
995 0.30849640224640223
996 0
997 0
998 0.26157924107142855
999 0.2718547015156202
1000 0.20641292860497884
1001 0.21379378496716128
1002 0.2615014132698602
1003 0.2246118706874521
1004 0.245435981569394
1005 0.0006944444444444445
1006 0.29228674758895906
1007 0.23251488095238096
1008 0.2017691115702479
1009 0.2810701151263192
1010 0
1011 0
1012 0
1013 0.2101138536935214
1014 0
1015 0.2947371730382293
1016 0.17900330957230143
1017 0.2610354172854173
1018 0.29296875
1019 0.26641595938163076
1020 0.24059848070079387
1021 0.2980353509664293
1022 0.29277356762158563
1023 0.256240889212828
1024 0.3074173662119622
1025 0.2529226618705036
1026 0.2948360449513586
1027 0.31056757950530034
1028 0.227283747090768
1029 0.27699535140245823
1030 0.28324403802771514
1031 0.2944409547738694
1032 0.29632712407282535
1033 0.25804646212566057
1034 0.0006944444444444445
1035 0.21457672119140625
1036 0
1037 0.3032802795031056
1038 0.2877885559921414
1039 0.20931322934031912
1040 0.22611429122716747
1041 0.29632712407282535
1042 0.25512518142235124
1043 0.23226909355179703
1044 0
1045 0.25270449971247844
1046 0.2891138980263158
1047 0.20539991820518813
1048 0
1049 0.1914411348290133
1050 0
1051 0.2998656601842375
1052 0.29652707489878544
1053 0.1741788049940547
1054 0.27910646236900605
1055 0.17557056532161408
1056 0.33623039403213467
1057 0.2615014132698602
1058 0.29553001008742436
1059 0
1060 0.27831103546548447
1061 0.3130008012820513
1062 0.2396799154622307
1063 0.2765595500314663
1064 0
1065 0
1066 0.3032802795031056
1067 0.2726136011166253
1068 0.29306643881293765
1069 0
1070 0.2764725542623467
1071 0
1072 0.2877885559921414
1073 0.3193700036337209
1074 0.21896020179372194
1075 0.31012923429781225
1076 0.23062352400944633
1077 0.26521009354254677
1078 0.1780604234197731
1079 0.32721751675353683
1080 0.23062352400944633
1081 0
1082 0.18950113195342821
1083 0.27160267305315205
1084 0.20126087703228762
1085 0.2866621819960861
1086 0.2933598965287049
1087 0.26585186025408347
1088 0
1089 0.23902807995648626
1090 0.23696582636829333
1091 0.2668203551912568
1092 0.2043968023255814
1093 0.21348220791838718
1094 0.189623786407767
1095 0
1096 0.18820262312633831
1097 0.26553058912386707
1098 0.2330698090692124
1099 0.28656871535702644
1100 0.2133785506190823
1101 0.2615014132698602
1102 0.2509010134170711
1103 0.31012923429781225
1104 0.25140338958810066
1105 0
1106 0.31012923429781225
1107 0.1850718572331017
1108 0.2719388149752475
1109 0
1110 0.244140625
1111 0.25646520280128393
1112 0.2320850937417481
1113 0.2152072110675808
1114 0.2760383951005025
1115 0.18905275328027532
1116 0.23062352400944633
1117 0.27717005676442763
1118 0
1119 0.2615014132698602
1120 0.19808569979716026
1121 0.1850718572331017
1122 0
1123 0
1124 0.2763856132075472
1125 0
1126 0
1127 0.29375208890374327
1128 0.2668203551912568
1129 0.284619899611399
1130 0
1131 0.2802634725765306
1132 0.23356530693595537
1133 0.20516018907563027
1134 0
1135 0.26314558383233533
1136 0.003472222222222222
1137 0.27955033396946566
1138 0.24279178176795582
1139 0.2853591720779221
1140 0.2503293221304471
1141 0.28324403802771514
1142 0.2972290328035171
1143 0.31222246891651867
1144 0.3336773917995444
1145 0.23519032646507892
1146 0.0006944444444444445
1147 0.2615014132698602
1148 0.0006944444444444445
1149 0.2896856460118655
1150 0.25018680614859096
1151 0.20516018907563027
1152 0.1850718572331017
1153 0.2858231707317073
1154 0.2824248875321337
1155 0.2499733361774744
1156 0.30752493002099374
1157 0.2513314984272233
1158 0.3164948685631977
1159 0.3100198412698413
1160 0
1161 0.23915816326530612
1162 0.25512518142235124
1163 0.25219691535150646
1164 0.23664680936995153
1165 0.2688608901804833
1166 0.3225344036697248
1167 0
1168 0.28844970462750247
1169 0.30752493002099374
1170 0.27621189503456944
1171 0.2551992595818815
1172 0.2519800028669725
1173 0.2225642567738668
1174 0.26010839005622965
1175 0.22687306401652038
1176 0.23702973300970873
1177 0.20931322934031912
1178 0.1985780049706281
1179 0.26157924107142855
1180 0.2587301295260524
1181 0.25025804384965833
1182 0
1183 0
1184 0.25140338958810066
1185 0.24516213389121339
1186 0.28324403802771514
1187 0
1188 0.22687306401652038
1189 0.2914145391246684
1190 0
1191 0.001388888888888889
1192 0.2881659836065574
1193 0.29632712407282535
1194 0.2921895777925532
1195 0.186130082592122
1196 0
1197 0.17827712981744423
1198 0.2962272497472194
1199 0.2686143795843521
1200 0.25025804384965833
1201 0
1202 0.2519800028669725
1203 0.21410627283800243
1204 0.2512596483704974
1205 0.27972827816677276
1206 0.2881659836065574
1207 0.24571044171093095
1208 0.24940585981838823
1209 0.23683811641067096
1210 0.2529226618705036
1211 0.3125555654338549
1212 0.2586539876397881
1213 0.20420684247211893
1214 0
1215 0.19462051594331267
1216 0.2461922268907563
1217 0.19244717538865777
1218 0.2452305385044643
1219 0.2890188260440644
1220 0.20931322934031912
1221 0.29463836741535365
1222 0
1223 0.22144274376417233
1224 0.2519800028669725
1225 0.2716866306027821
1226 0.25190778159931215
1227 0.2505434007981756
1228 0.0006944444444444445
1229 0.24598551637279595
1230 0.2629094376308705
1231 0
1232 0.22947943864229767
1233 0.21896020179372194
1234 0.22211429112964365
1235 0.2452989813005861
1236 0.2972290328035171
1237 0.25527338077258205
1238 0.25911151238207547
1239 0.0006944444444444445
1240 0
1241 0.23537928494911622
1242 0.2292400234741784
1243 0.2770826765447667
1244 0
1245 0.0006944444444444445
1246 0.3257621386212009
1247 0.2944409547738694
1248 0.31786844484629295
1249 0.2413251647446458
1250 0.26018539076376557
1251 0
1252 0
1253 0.23786366711772666
1254 0.30161504804392586
1255 0.31344730741797433
1256 0.2673885762093094
1257 0.21234748731577677
1258 0
1259 0.2907397452861396
1260 0.23062352400944633
1261 0.2763856132075472
1262 0.3136710385438972
1263 0.23702973300970873
1264 0.23722165991902833
1265 0.25270449971247844
1266 0.1424483387358185
1267 0
1268 0
1269 0
1270 0.2944409547738694
1271 0.2503293221304471
1272 0.23001995550902904
1273 0
1274 0.1985780049706281
1275 0.2550511462565293
1276 0.22055363864491845
1277 0.2959280303030303
1278 0.28694294809010773
1279 0.2794614467408585
1280 0.3013048508741858
1281 0.2947371730382293
1282 0.2716866306027821
1283 0.23184021366394092
1284 0.2888288695366415
1285 0.22312928408225438
1286 0.27690808128544425
1287 0.25025804384965833
1288 0.2704326923076923
1289 0.23702973300970873
1290 0.20530395935529083
1291 0.2615014132698602
1292 0.2756920483061481
1293 0.3410579161816065
1294 0.1932086722356562
1295 0
1296 0
1297 0.3274613450074516
1298 0
1299 0.19609688755020083
1300 0.2519800028669725
1301 0.2664967404487568
1302 0.2673885762093094
1303 0.23368951076841266
1304 0
1305 0.2981364484396201
1306 0
1307 0.0006944444444444445
1308 0.2627522421524664
1309 0.3079559390329362
1310 0.24046682626538987
1311 0.2112755408653846
1312 0.2143673780487805
1313 0.2664967404487568
1314 0.2768208661417323
1315 0.28920903257650543
1316 0.17900330957230143
1317 0.25140338958810066
1318 0.21415844298245615
1319 0.23928838823849713
1320 0.25140338958810066
1321 0.2462612076211824
1322 0.26473079819277107
1323 0.31233342217484006
1324 0
1325 0
1326 0.2519800028669725
1327 0.3125555654338549
1328 0.29170469631596413
1329 0.174144293639786
1330 0.2452305385044643
1331 0.2799956196240841
1332 0.23696582636829333
1333 0
1334 0.22941953797963976
1335 0
1336 0.0006944444444444445
1337 0.2712673611111111
1338 0.25025804384965833
1339 0.30752493002099374
1340 0.29553001008742436
1341 0.0006944444444444445
1342 0.21260431785195935
1343 0.22501440092165897
1344 0.19483623365107514
1345 0.26665844963592233
1346 0
1347 0.2101138536935214
1348 0.2202220621398146
1349 0.003472222222222222
1350 0.0006944444444444445
1351 0.20516018907563027
1352 0.23696582636829333
1353 0.24319486718317654
1354 0.26585186025408347
1355 0.16257977247502775
1356 0.252124569707401
1357 0.2716866306027821
1358 0.2320850937417481
1359 0.26722598054119795
1360 0.2452305385044643
1361 0.2879771461336828
1362 0.25631561679790027
1363 0.2763856132075472
1364 0.26126820749108204
1365 0.28656871535702644
1366 0
1367 0.18189284975165562
1368 0.3153592572658773
1369 0.26361915116976603
1370 0.2524142016082711
1371 0.2881659836065574
1372 0
1373 0.23062352400944633
1374 0.2804423261008296
1375 0
1376 0.2428588698535507
1377 0.3088215917076599
1378 0.2977324695121951
1379 0.3031756640220766
1380 0.25018680614859096
1381 0.2503293221304471
1382 0
1383 0.2817910387944854
1384 0.20530395935529083
1385 0.2823341631866367
1386 0.2721071981424149
1387 0.32721751675353683
1388 0.22828733766233766
1389 0
1390 0
1391 0.24339691221268345
1392 0.23537928494911622
1393 0.25423958634654326
1394 0.2092135800999762
1395 0
1396 0.3049640006939625
1397 0
1398 0.2615014132698602
1399 0.22740135834411385
1400 0.23696582636829333
1401 0.2519800028669725
1402 0.17609822680825488
1403 0.2190147645153252
1404 0
1405 0
1406 0.2768208661417323
1407 0.25357941431044434
1408 0.273037045666356
1409 0.23696582636829333
1410 0.2995590490797546
1411 0.22375413696537677
1412 0.23696582636829333
1413 0.24674515721504775
1414 0.21107258645533142
1415 0
1416 0.2641738052299369
1417 0.3102387045534769
1418 0.223242633985268
1419 0.1962720522554712
1420 0.30752493002099374
1421 0.23702973300970873
1422 0.26026243707432634
1423 0.29209247258225324
1424 0.2728675100900341
1425 0.2908359530112508
1426 0.2972290328035171
1427 0.2215543861860348
1428 0.2092135800999762
1429 0.26730725364963503
1430 0
1431 0
1432 0.24577915268456374
1433 0.30763256912845643
1434 0.24771878523111612
1435 0.290932224428997
1436 0.25804646212566057
1437 0.20516018907563027
1438 0.28741211576193587
1439 0
1440 0.24059848070079387
